SN12345 01 1 3298.68 9701.23
SN12345 02 1 3298.68 9701.23
SN12345 03 1 3298.68 9701.23
SN12345 04 1 3298.68 9701.23
SN12345 05 1 3298.68 9701.23
SN12345 06 1 3298.68 9701.23
SN12345 07 4 5098.2 9701.23
SN12345 08 2 4074.56 9701.23
SN12345 09 1 3298.68 9701.23
SN12345 10 1 3298.68 9701.23
SN12345 11 1 3298.68 9701.23
SN12345 12 1 3298.68 9701.23
SN12345 13 2 4074.56 9701.23
SN12346 01 1 3298.68 9701.23
SN12346 02 1 3298.68 9701.23
SN12346 03 1 3298.68 9701.23
SN12346 04 1 3298.68 9701.23
SN12346 05 1 3298.68 9701.23
SN12346 06 1 3298.68 9701.23
SN12346 07 4 5098.2 9701.23
SN12346 08 2 4074.56 9701.23
SN12346 09 1 3298.68 9701.23
SN12346 10 1 3298.68 9701.23
SN12346 11 1 3298.68 9701.23
SN12346 12 1 3298.68 9701.23
SN12346 13 2 4074.56 9701.23
SN12347 01 1 3298.68 9701.23
SN12347 02 1 3298.68 9701.23
SN12347 03 1 3298.68 9701.23
SN12347 04 1 3298.68 9701.23
SN12347 05 1 3298.68 9701.23
SN12347 06 1 3298.68 9701.23
SN12347 07 4 5098.2 9701.23
SN12347 08 2 4074.56 9701.23
SN12347 09 1 3298.68 9701.23
SN12347 10 1 3298.68 9701.23
SN12347 11 1 3298.68 9701.23
SN12347 12 1 3298.68 9701.23
SN12347 13 2 4074.56 9701.23
SN12348 01 1 3298.68 9701.23
SN12348 02 1 3298.68 9701.23
SN12348 03 1 3298.68 9701.23
SN12348 04 1 3298.68 9701.23
SN12348 05 1 3298.68 9701.23
SN12348 06 1 3298.68 9701.23
SN12348 07 4 5098.2 9701.23
SN12348 08 2 4074.56 9701.23
SN12348 09 1 3298.68 9701.23
SN12348 10 1 3298.68 9701.23
SN12348 11 1 3298.68 9701.23
SN12348 12 1 3298.68 9701.23
SN12348 13 2 4074.56 9701.23
